character
WthC_Rika
WthC_YouYu
WthC_Nizer
WthC_Cross
WthC_Su
WthC_Elf




































































































